# Nodes:
0 15.744644087525339 29.712527359894214
1 29.060653138047286 55.54794691792022
2 99.12908896081272 73.01627881241444
3 56.9402430529678 2.9798627475471906
4 52.659284580936664 66.8908296828791
5 24.924307024765724 87.14152506243927
6 16.212712248738402 14.541657223446503
7 60.557445924732846 40.176599806265656
8 48.12725537519301 45.447749439527854
9 86.1076294377636 98.70780233438212

# Edges:
0 1 29.065185373102562
0 2 93.9583979040083
0 3 49.10919192368975
0 5 58.15802600467343
0 6 15.178089092520915
0 9 98.54591658817246
1 3 59.50357138162013
1 5 31.863200390775113
1 9 71.53412209924919
2 1 72.21307580919957
2 6 101.46135666859387
2 7 50.657834179223045
2 8 57.97595053881357
3 1 59.50357138162013
3 2 81.76183886292601
3 4 64.05418253360466
4 1 26.183131886711497
4 2 46.871780914986296
4 3 64.05418253360466
4 5 34.341223673553706
4 8 21.916773919637762
5 0 58.15802600467343
5 3 90.0455749238565
5 8 47.71527782425959
6 2 101.46135666859387
6 7 51.22114491125038
6 8 44.42662038732246
7 0 46.01830093195248
7 1 35.04748589948185
7 2 50.657834179223045
7 5 58.9527335429183
7 8 13.501653808112163
7 9 63.86480679479846
8 2 57.97595053881357
8 5 47.71527782425959
8 7 13.501653808112163
8 9 65.41515151931898
9 2 28.802999652644257
9 5 62.266987332167524
9 7 63.86480679479846
