# Nodes:
0 21.14991943562481 29.38356652893677
1 96.86345981067397 1.0530067075637528
2 41.15888663393117 23.084181674723116
3 10.24165162088957 6.723164166920204
4 24.436445692200316 31.81607906782461
5 89.83456116181551 10.882456484261349
6 25.42065694395732 8.536166142160583
7 20.974885813046885 97.50533690282953
8 90.3572377055423 29.841385526453536
9 27.63672829803404 87.00850028593918

# Edges:
0 3 25.149237402483493
0 6 21.28035013226131
1 4 78.68951007065827
1 5 12.084018335328057
1 7 122.72786017644853
1 8 29.51443174281365
1 9 110.3661507538669
2 0 20.977154666074142
2 1 59.90302282219724
2 7 77.10967666008831
2 8 49.660221023061716
2 9 65.33886497307202
3 0 25.149237402483493
3 2 34.97939843311029
3 5 79.70151166553313
3 8 83.3844067707853
4 5 68.66680465441938
5 4 68.66680465441938
5 8 18.966132478611463
6 2 21.432140110358905
6 4 23.30070852172921
6 8 68.34231408153153
7 3 91.41446932994893
7 6 89.08017864143238
8 2 49.660221023061716
8 6 68.34231408153153
8 9 84.86425225182587
9 0 57.98889272711065
9 1 110.3661507538669
9 4 55.28512610707318
