0 0 35.963638797577744 0 60.265043217972696 0 41.72954570625713 0 0 76.15767782598455
0 0 0 0 16.4464051992688 0 44.14692483676252 0 38.2540272555934 43.63450243877301
0 74.7349090471513 0 0 59.026317320956494 0 0 0 0 0
0 0 68.96694584432564 0 65.28410780219116 0 0 0 0 0
0 16.4464051992688 0 0 0 50.99688193874783 43.426543429430154 69.09075041813817 0 31.737535578442746
60.36580446263668 0 0 0 0 0 0 0 38.304360859586744 34.987068650686474
0 44.14692483676252 0 0 43.426543429430154 76.95786806991907 0 0 0 72.90637254414158
0 72.35676697487825 70.02168927750009 123.18732668562569 0 0 0 0 0 95.16071822739684
0 38.2540272555934 36.82072668825564 66.4653921325239 23.58021401545653 38.304360859586744 0 0 0 0
76.15767782598455 0 0 0 31.737535578442746 34.987068650686474 0 95.16071822739684 0 0
