# Nodes:
0 2.1326475525797695 65.7745914406583
1 21.49553702333179 39.075025515245
2 54.7279256787086 14.756817438955316
3 78.98415057574533 86.78980325460745
4 11.161055668944119 94.92189139585213
5 43.81840518571705 31.857687546393766
6 17.46712929619353 60.64907925408619
7 59.464952031976935 8.091179393915471
8 33.498601830897044 56.05736666417273
9 42.63559339645043 70.42312185879872

# Edges:
0 1 32.98163593974759
0 3 79.67303586850933
0 4 30.51355842561919
0 7 81.32877204453919
0 9 40.76882947890332
1 2 41.17969037989162
1 4 56.79501680209899
1 5 23.46061402333398
1 6 21.94693289602159
1 7 49.006889276600226
2 0 73.27398273093723
2 3 76.00733840737725
2 4 91.23875955405384
2 6 59.11401391859435
2 7 8.177417026117801
3 0 79.67303586850933
3 1 74.7103788164369
3 2 76.00733840737725
3 5 65.22397553827022
3 8 54.89460632343637
4 3 68.30887980543919
4 5 71.01828134098085
4 7 99.36216055729606
4 8 44.826523969149086
5 2 20.284412631833455
5 3 65.22397553827022
5 6 39.02991131775172
5 9 38.58356861972788
6 0 16.168401452212986
6 1 21.94693289602159
6 2 59.11401391859435
6 4 34.84813074896657
6 7 67.2766672202036
6 9 26.999694331689316
7 1 49.006889276600226
7 3 81.08312098925231
7 6 67.2766672202036
7 9 64.56390914070094
8 0 32.836679873979875
8 1 20.79599662610993
8 2 46.43726474868936
8 4 44.826523969149086
8 7 54.543619828633595
8 9 17.02526173604733
9 0 40.76882947890332
9 3 39.863339911858645
9 7 64.56390914070094
9 8 17.02526173604733
