# Nodes:
0 76.57266385419264 0.6038265998684067
1 24.594833850513687 67.41828412383883
2 49.95941102487985 68.08157667974962
3 76.46598783777007 62.28596195768898
4 87.9935287626313 98.9486168223521
5 15.990130539165515 70.39113366227815
6 6.171056740011604 60.82234730620851
7 46.417775147703836 51.41191934927388
8 47.378775281891784 70.00982956013661
9 47.36044785612721 65.47715258991215

# Edges:
0 4 99.00572669881842
0 5 92.41488824799518
1 6 19.5689025118843
2 6 44.385993084246984
3 6 70.31016644758166
4 2 48.98334695847327
4 7 63.15283758704842
5 6 13.71042970155696
6 1 19.5689025118843
7 8 18.62272228942969
8 1 22.93085464819973
