# Nodes:
0 71.77110892098159 3.841853353401836
1 16.01373829002887 71.30330047973132
2 17.959048577001614 56.65858682686472
3 72.38468474455479 6.318618955414879
4 99.70222145251331 23.073184467369224
5 73.15032571848982 68.98626142458669
6 95.19692449899992 7.663388086152512
7 31.936701105640175 54.92462604318191
8 22.360341845705644 67.1541473777617
9 39.252490325603794 28.558473027133534
10 69.3620886022777 68.11556706203176
11 48.685152494467154 7.584054857649026
12 31.861151982349057 66.16865746503608
13 49.45384303128479 82.94943816316406
14 53.38183968340664 92.42393349849172
15 92.67460527637888 79.67358952700575
16 96.50926491411055 3.1138793764093786
17 11.489823464104665 75.22055944712604
18 31.97941989442824 21.309716824405744
19 25.04470662746212 25.81084181866743
20 11.427617119684674 96.95199398906512
21 15.74948498536296 38.915135835140255
22 69.36887741478603 32.68506820691711
23 83.9219503608872 2.063336728000731
24 86.40516190577424 83.905975150737

# Edges:
0 2 75.40122792946384
0 11 23.38729262281791
0 16 24.748864783087733
0 17 93.42779597072673
0 18 43.456930055257686
0 22 28.943077916755893
0 23 12.280312255173133
1 18 52.48105749501522
1 20 26.0554790039412
2 9 35.25658884604348
2 22 56.72477497664725
3 7 63.23435225785082
3 9 39.904303228430244
3 19 51.19590101050589
4 0 33.911519335826554
4 14 83.39726709199485
4 24 62.26909518305179
5 3 62.67231939815946
6 17 107.56788631353739
8 12 9.551784316065255
8 14 40.011191167996074
8 19 41.430359989193555
9 6 59.7192120650655
9 13 55.33935927940071
9 19 14.471026047620716
9 20 73.83696417442724
9 22 30.397788720288116
10 7 39.681992820878435
10 9 49.71269050120366
10 14 29.090634821507294
10 15 26.020401937346957
11 8 65.12750247436126
11 10 63.96561307887087
11 13 75.369303339812
11 15 84.45100925919374
11 20 96.82330549407854
11 21 45.45761574795113
12 11 60.95246226279306
12 13 24.31249430194212
12 18 44.859096543495205
13 4 78.16690662042454
13 9 55.33935927940071
13 11 75.369303339812
13 21 55.452714386254335
14 2 50.33819774594307
14 8 40.011191167996074
14 17 45.28683143773101
14 23 95.38205181747784
15 19 86.45807528481569
16 2 95.06404253218702
16 3 24.33651010573552
17 6 107.56788631353739
17 7 28.80971568803239
18 3 43.096617534634134
18 5 62.99282809484577
18 6 64.67360494406908
18 19 8.267428518530004
19 1 46.38019172168577
19 6 72.4614638912952
19 7 29.918422748514416
19 11 29.851071064756553
21 0 66.09506405494814
21 10 61.04896764418576
21 16 88.33952692970209
21 20 58.19755532861477
23 19 63.486012850677454
24 8 66.19941623807563
24 15 7.5643247051660625
