# Nodes:
0 10.30811608413269 81.70611142777956
1 48.52604549462032 40.37008567384773
2 14.742308547908078 75.23494016430942
3 14.265350844785207 98.85176882463685
4 75.14808335982927 26.598002691585876
5 44.749006800870696 22.00318336096946
6 52.097968955544026 65.43267648607797
7 2.7418184840358184 79.60567585291062
8 50.56427385845016 31.734801099527676
9 81.36158598999668 95.14400570756403
10 50.27386848765172 9.431540477985322
11 47.210990329323664 2.2664440428099675
12 59.56743736694954 29.43331416089614
13 63.06501876043862 89.63473070792138
14 91.45305526143848 72.38404534836039
15 72.093405113127 10.028250193462029
16 96.90177289523386 59.296623327812235
17 38.79583483147398 5.63963372620827
18 63.22236528674292 87.7165469653177
19 85.72938653253803 94.89366352714858

# Edges:
0 4 85.0948001043163
1 6 25.315846725558767
2 1 48.54790377272448
3 1 67.7783332787
3 2 23.621644409774508
3 14 81.59952266483715
4 6 45.16015569919184
4 10 30.222739624961775
5 3 82.67380702626181
5 7 71.29271359381804
5 18 68.26061184859705
6 12 36.766112742153005
7 1 60.29616057143367
8 3 76.30399182588891
8 5 11.336741805315574
8 16 53.91491316442503
9 11 98.95708486393974
9 12 69.23062832117587
9 18 19.600981380765642
10 2 74.78354873920944
11 6 63.35499570807418
11 7 89.21246561766033
11 10 7.792292957668214
12 5 16.576873292201967
12 15 23.096674556275147
13 19 23.266498251909834
14 18 32.125651157313136
16 3 91.6154342050227
16 9 39.07086168143525
16 13 45.44586548615413
16 14 14.176358453310973
17 1 36.067732005720856
17 7 82.28528108155459
17 11 9.066049343191029
17 15 33.58553470109228
18 3 50.20739416586281
18 19 23.623653559531796
19 7 84.38399740313585
