# Nodes:
0 86.04626475015628 26.962478536433533
1 4.2065747579282275 17.686430187318834
2 89.7574963166349 67.07876251541913
3 22.51334630719759 59.015381625055255
4 7.494384524583541 87.97468669467666
5 95.80427382563855 72.98715749442948
6 4.36814693393498 44.18242110902653
7 18.19121042894649 0.5343726195681797
8 47.79627185855569 35.000198710277616
9 45.475282566137665 24.848091462292754

# Edges:
0 4 99.46299528627476
0 8 39.08537964252766
0 9 40.6260412552743
1 4 70.36510993316108
1 6 26.496483549544383
1 7 22.130592257292818
2 8 52.8183548950726
2 9 61.19104535993883
3 4 32.62224031459246
4 9 73.67167462245014
5 1 106.99677058301448
5 3 74.61079397417905
6 7 45.78459589562003
6 8 44.38823315529183
7 0 72.82000535077833
7 1 22.130592257292818
7 5 106.17529677821425
8 2 52.8183548950726
8 3 34.87055111215973
8 5 61.219092532806165
8 7 45.435149723159945
9 1 41.88550628053608
9 7 36.54555398883032
