0 0 75.40122792946384 0 0 0 0 0 0 0 0 23.38729262281791 0 0 0 0 24.748864783087733 93.42779597072673 43.456930055257686 0 0 0 28.943077916755893 12.280312255173133 0
0 0 0 0 0 0 0 0 0 0 0 0 0 0 0 0 0 0 52.48105749501522 0 26.0554790039412 0 0 0 0
0 0 0 0 0 0 0 0 0 35.25658884604348 0 0 0 0 0 0 0 0 0 0 0 0 56.72477497664725 0 0
0 0 0 0 0 0 0 63.23435225785082 0 39.904303228430244 0 0 0 0 0 0 0 0 0 51.19590101050589 0 0 0 0 0
33.911519335826554 0 0 0 0 0 0 0 0 0 0 0 0 0 83.39726709199485 0 0 0 0 0 0 0 0 0 62.26909518305179
0 0 0 62.67231939815946 0 0 0 0 0 0 0 0 0 0 0 0 0 0 0 0 0 0 0 0 0
0 0 0 0 0 0 0 0 0 0 0 0 0 0 0 0 0 107.56788631353739 0 0 0 0 0 0 0
0 0 0 0 0 0 0 0 0 0 0 0 0 0 0 0 0 0 0 0 0 0 0 0 0
0 0 0 0 0 0 0 0 0 0 0 0 9.551784316065255 0 40.011191167996074 0 0 0 0 41.430359989193555 0 0 0 0 0
0 0 0 0 0 0 59.7192120650655 0 0 0 0 0 0 55.33935927940071 0 0 0 0 0 14.471026047620716 73.83696417442724 0 30.397788720288116 0 0
0 0 0 0 0 0 0 39.681992820878435 0 49.71269050120366 0 0 0 0 29.090634821507294 26.020401937346957 0 0 0 0 0 0 0 0 0
0 0 0 0 0 0 0 0 65.12750247436126 0 63.96561307887087 0 0 75.369303339812 0 84.45100925919374 0 0 0 0 96.82330549407854 45.45761574795113 0 0 0
0 0 0 0 0 0 0 0 0 0 0 60.95246226279306 0 24.31249430194212 0 0 0 0 44.859096543495205 0 0 0 0 0 0
0 0 0 0 78.16690662042454 0 0 0 0 55.33935927940071 0 75.369303339812 0 0 0 0 0 0 0 0 0 55.452714386254335 0 0 0
0 0 50.33819774594307 0 0 0 0 0 40.011191167996074 0 0 0 0 0 0 0 0 45.28683143773101 0 0 0 0 0 95.38205181747784 0
0 0 0 0 0 0 0 0 0 0 0 0 0 0 0 0 0 0 0 86.45807528481569 0 0 0 0 0
0 0 95.06404253218702 24.33651010573552 0 0 0 0 0 0 0 0 0 0 0 0 0 0 0 0 0 0 0 0 0
0 0 0 0 0 0 107.56788631353739 28.80971568803239 0 0 0 0 0 0 0 0 0 0 0 0 0 0 0 0 0
0 0 0 43.096617534634134 0 62.99282809484577 64.67360494406908 0 0 0 0 0 0 0 0 0 0 0 0 8.267428518530004 0 0 0 0 0
0 46.38019172168577 0 0 0 0 72.4614638912952 29.918422748514416 0 0 0 29.851071064756553 0 0 0 0 0 0 0 0 0 0 0 0 0
0 0 0 0 0 0 0 0 0 0 0 0 0 0 0 0 0 0 0 0 0 0 0 0 0
66.09506405494814 0 0 0 0 0 0 0 0 0 61.04896764418576 0 0 0 0 0 88.33952692970209 0 0 0 58.19755532861477 0 0 0 0
0 0 0 0 0 0 0 0 0 0 0 0 0 0 0 0 0 0 0 0 0 0 0 0 0
0 0 0 0 0 0 0 0 0 0 0 0 0 0 0 0 0 0 0 63.486012850677454 0 0 0 0 0
0 0 0 0 0 0 0 0 66.19941623807563 0 0 0 0 0 0 7.5643247051660625 0 0 0 0 0 0 0 0 0
