0 0 0 0 85.0948001043163 0 0 0 0 0 0 0 0 0 0 0 0 0 0 0
0 0 0 0 0 0 25.315846725558767 0 0 0 0 0 0 0 0 0 0 0 0 0
0 48.54790377272448 0 0 0 0 0 0 0 0 0 0 0 0 0 0 0 0 0 0
0 67.7783332787 23.621644409774508 0 0 0 0 0 0 0 0 0 0 0 81.59952266483715 0 0 0 0 0
0 0 0 0 0 0 45.16015569919184 0 0 0 30.222739624961775 0 0 0 0 0 0 0 0 0
0 0 0 82.67380702626181 0 0 0 71.29271359381804 0 0 0 0 0 0 0 0 0 0 68.26061184859705 0
0 0 0 0 0 0 0 0 0 0 0 0 36.766112742153005 0 0 0 0 0 0 0
0 60.29616057143367 0 0 0 0 0 0 0 0 0 0 0 0 0 0 0 0 0 0
0 0 0 76.30399182588891 0 11.336741805315574 0 0 0 0 0 0 0 0 0 0 53.91491316442503 0 0 0
0 0 0 0 0 0 0 0 0 0 0 98.95708486393974 69.23062832117587 0 0 0 0 0 19.600981380765642 0
0 0 74.78354873920944 0 0 0 0 0 0 0 0 0 0 0 0 0 0 0 0 0
0 0 0 0 0 0 63.35499570807418 89.21246561766033 0 0 7.792292957668214 0 0 0 0 0 0 0 0 0
0 0 0 0 0 16.576873292201967 0 0 0 0 0 0 0 0 0 23.096674556275147 0 0 0 0
0 0 0 0 0 0 0 0 0 0 0 0 0 0 0 0 0 0 0 23.266498251909834
0 0 0 0 0 0 0 0 0 0 0 0 0 0 0 0 0 0 32.125651157313136 0
0 0 0 0 0 0 0 0 0 0 0 0 0 0 0 0 0 0 0 0
0 0 0 91.6154342050227 0 0 0 0 0 39.07086168143525 0 0 0 45.44586548615413 14.176358453310973 0 0 0 0 0
0 36.067732005720856 0 0 0 0 0 82.28528108155459 0 0 0 9.066049343191029 0 0 0 33.58553470109228 0 0 0 0
0 0 0 50.20739416586281 0 0 0 0 0 0 0 0 0 0 0 0 0 0 0 23.623653559531796
0 0 0 0 0 0 0 84.38399740313585 0 0 0 0 0 0 0 0 0 0 0 0
