0 0 0 0 99.46299528627476 0 0 0 39.08537964252766 40.6260412552743
0 0 0 0 70.36510993316108 0 26.496483549544383 22.130592257292818 0 0
0 0 0 0 0 0 0 0 52.8183548950726 61.19104535993883
0 0 0 0 32.62224031459246 0 0 0 0 0
0 0 0 0 0 0 0 0 0 73.67167462245014
0 106.99677058301448 0 74.61079397417905 0 0 0 0 0 0
0 0 0 0 0 0 0 45.78459589562003 44.38823315529183 0
72.82000535077833 22.130592257292818 0 0 0 106.17529677821425 0 0 0 0
0 0 52.8183548950726 34.87055111215973 0 61.219092532806165 0 45.435149723159945 0 0
0 41.88550628053608 0 0 0 0 0 36.54555398883032 0 0
