0 32.98163593974759 0 79.67303586850933 30.51355842561919 0 0 81.32877204453919 0 40.76882947890332
0 0 41.17969037989162 0 56.79501680209899 23.46061402333398 21.94693289602159 49.006889276600226 0 0
73.27398273093723 0 0 76.00733840737725 91.23875955405384 0 59.11401391859435 8.177417026117801 0 0
79.67303586850933 74.7103788164369 76.00733840737725 0 0 65.22397553827022 0 0 54.89460632343637 0
0 0 0 68.30887980543919 0 71.01828134098085 0 99.36216055729606 44.826523969149086 0
0 0 20.284412631833455 65.22397553827022 0 0 39.02991131775172 0 0 38.58356861972788
16.168401452212986 21.94693289602159 59.11401391859435 0 34.84813074896657 0 0 67.2766672202036 0 26.999694331689316
0 49.006889276600226 0 81.08312098925231 0 0 67.2766672202036 0 0 64.56390914070094
32.836679873979875 20.79599662610993 46.43726474868936 0 44.826523969149086 0 0 54.543619828633595 0 17.02526173604733
40.76882947890332 0 0 39.863339911858645 0 0 0 64.56390914070094 17.02526173604733 0
